====================================================================================================
ANALIZA KRZYZOWA: MAPY vs LOG 'PO MODYFIKACJI'
====================================================================================================

RPM    | Torq LOG  | NM Limit  | IQ (mg)  | Rail map  | Rail LOG  | MAP bar  | MAF g/s  | Air mg   | Lambda 
----------------------------------------------------------------------------------------------------
1455   | 236       | 261.6     | 3.8      | 362       | 966       | 1.93     | 41.1     | 848      | 15.30  
1609   | 268       | 285.9     | 4.5      | 364       | 1103      | 2.38     | 56.0     | 1044     | 16.11  
1767   | 280       | 301.7     | 4.9      | 394       | 1223      | 2.33     | 58.6     | 995      | 14.14  
1919   | 296       | 316.9     | 4.8      | 418       | 1285      | 2.45     | 67.8     | 1061     | 15.20  
2076   | 308       | 331.1     | 5.1      | 419       | 1352      | 2.37     | 70.4     | 1017     | 13.78  
2232   | 316       | 343.6     | 5.7      | 429       | 1400      | 2.38     | 78.8     | 1060     | 12.88  
2385   | 324       | 347.7     | 6.5      | 428       | 1448      | 2.41     | 84.2     | 1059     | 11.30  
2536   | 316       | 349.3     | 6.6      | 429       | 1479      | 2.44     | 89.8     | 1063     | 11.12  
2691   | 304       | 346.2     | 5.3      | 423       | 1530      | 2.43     | 95.5     | 1064     | 13.85  
2841   | 300       | 339.2     | 5.4      | 423       | 1559      | 2.48     | 102.1    | 1078     | 13.88  
2994   | 288       | 329.4     | 6.0      | 400       | 1596      | 2.44     | 105.9    | 1061     | 12.10  
3144   | 280       | 323.2     | 5.8      | 399       | 1632      | 2.49     | 109.6    | 1046     | 12.53  
3297   | 268       | 317.1     | 5.4      | 399       | 1669      | 2.48     | 111.6    | 1016     | 13.03  
3451   | 252       | 311.0     | 5.0      | 398       | 1689      | 2.48     | 113.5    | 986      | 13.71  

====================================================================================================
ANALIZA DURATION MAP DLA 1700 BAR (rozszerzenie)
====================================================================================================
Sprawdzam czy wartosci Duration dla 17000 (1700 bar) sa fizycznie poprawne
Porownanie z sasiednimi ciesnieniami (skalowanie sqrt):

IQ (0.1mm3)  | Dur@1400bar  | Dur@1700bar  | Oczekiw@1700  | Blad %  
-----------------------------------------------------------------
270          | 241          | 226          | 219           | +3.3    %
320          | 261          | 241          | 237           | +1.8    %
400          | 282          | 260          | 256           | +1.6    %
600          | 316          | 290          | 287           | +1.1    %
1000         | 359          | 331          | 326           | +1.6    %
1400         | 414          | 379          | 376           | +0.9    %
1800         | 465          | 417          | 422           | -1.2    %
2200         | 533          | 476          | 484           | -1.6    %
2500         | 578          | 520          | 525           | -0.9    %
2800         | 621          | 560          | 564           | -0.6    %
3100         | 659          | 598          | 598           | -0.0    %
3400         | 693          | 632          | 629           | +0.5    %
3600         | 722          | 652          | 655           | -0.5    %
3800         | 767          | 672          | 696           | -3.5    %
4000         | 841          | 726          | 763           | -4.9    %
4400         | 983          | 846          | 892           | -5.2    %
5000         | 1151         | 1024         | 1045          | -2.0    %
7000         | 1588         | 1413         | 1441          | -1.9    %

====================================================================================================
CZY 315 NM JEST OSIAGALNE? Analiza po RPM
====================================================================================================

RPM    | NM Limit  | IQ@315Nm  | Rail@IQ  | Air@1.5bar  | Lambda  | Status
--------------------------------------------------------------------------------
1750   | 300.0     | 5.1       | 395      | 1002        | 13.48   | LIMIT 300Nm!
2000   | 325.0     | 5.0       | 419      | 1002        | 13.90   | OK
2250   | 345.0     | 5.7       | 429      | 1002        | 12.10   | OK
2500   | 350.0     | 6.8       | 429      | 967         | 9.76    | OK
2750   | 345.0     | 5.0       | 423      | 967         | 13.26   | OK
3000   | 329.0     | 6.6       | 401      | 919         | 9.68    | OK
3250   | 319.0     | 6.2       | 399      | 919         | 10.27   | OK
