
================================================================================
PLIK: Duration_Map | ARKUSZ: Duration Map
Wymiary: A1:Y17 | Wiersze: 17 | Kolumny: 25
================================================================================
Rail Press \ IQ | 0 | 70 | 120 | 150 | 180 | 220 | 270 | 320 | 400 | 600 | 1000 | 1400 | 1800 | 2200 | 2500 | 2800 | 3100 | 3400 | 3600 | 3800 | 4000 | 4400 | 5000 | 7000
1190 | 0 | 0 | 0 | 0 | 0 | 0 | 0 | 0 | 0 | 0 | 0 | 0 | 0 | 0 | 0 | 0 | 0 | 0 | 0 | 0 | 0 | 0 | 0 | 0
1200 | 0 | 651 | 802 | 879 | 939 | 1018 | 1107 | 1192 | 1313 | 1588 | 2036 | 2412 | 2782 | 3250 | 3673 | 4126 | 4579 | 5033 | 5335 | 5637 | 5939 | 6543 | 8000 | 8000
2000 | 0 | 390 | 481 | 527 | 563 | 611 | 664 | 715 | 788 | 953 | 1222 | 1447 | 1658 | 1942 | 2204 | 2476 | 2748 | 3020 | 3201 | 3382 | 3563 | 3926 | 4470 | 6168
2500 | 0 | 297 | 383 | 414 | 444 | 501 | 538 | 574 | 632 | 767 | 999 | 1191 | 1380 | 1567 | 1777 | 2013 | 2246 | 2479 | 2634 | 2790 | 2945 | 3256 | 3722 | 5136
3000 | 0 | 270 | 334 | 367 | 391 | 421 | 462 | 508 | 553 | 659 | 857 | 1036 | 1201 | 1362 | 1499 | 1717 | 1921 | 2120 | 2252 | 2384 | 2516 | 2781 | 3177 | 4384
4000 | 0 | 260 | 270 | 305 | 334 | 357 | 379 | 403 | 453 | 542 | 683 | 828 | 959 | 1086 | 1202 | 1355 | 1515 | 1687 | 1802 | 1919 | 2036 | 2269 | 2620 | 3615
5000 | 0 | 245 | 245 | 260 | 289 | 318 | 346 | 365 | 389 | 467 | 588 | 708 | 821 | 925 | 1003 | 1129 | 1284 | 1424 | 1519 | 1624 | 1729 | 1939 | 2255 | 3111
6000 | 0 | 225 | 225 | 225 | 255 | 290 | 320 | 339 | 362 | 415 | 523 | 621 | 724 | 816 | 878 | 954 | 1115 | 1247 | 1327 | 1409 | 1513 | 1698 | 1977 | 2728
7000 | 0 | 220 | 220 | 220 | 231 | 270 | 300 | 322 | 345 | 385 | 486 | 575 | 667 | 751 | 806 | 863 | 972 | 1120 | 1200 | 1265 | 1342 | 1519 | 1755 | 2421
8000 | 0 | 215 | 215 | 215 | 222 | 256 | 287 | 311 | 335 | 372 | 463 | 545 | 631 | 710 | 761 | 810 | 881 | 1017 | 1103 | 1176 | 1237 | 1385 | 1640 | 2263
9000 | 0 | 210 | 210 | 210 | 212 | 240 | 276 | 300 | 324 | 361 | 444 | 522 | 604 | 677 | 726 | 770 | 833 | 928 | 1022 | 1098 | 1164 | 1282 | 1510 | 2083
10000 | 0 | 205 | 205 | 205 | 205 | 229 | 262 | 287 | 313 | 347 | 416 | 490 | 564 | 639 | 688 | 735 | 783 | 854 | 941 | 1023 | 1095 | 1208 | 1418 | 1956
11000 | 0 | 200 | 200 | 200 | 200 | 220 | 257 | 281 | 305 | 339 | 399 | 463 | 532 | 604 | 654 | 711 | 750 | 789 | 844 | 945 | 1030 | 1147 | 1326 | 1829
12000 | 0 | 195 | 195 | 195 | 195 | 201 | 248 | 272 | 296 | 330 | 386 | 445 | 504 | 574 | 627 | 672 | 712 | 750 | 810 | 874 | 947 | 1096 | 1261 | 1740
14000 | 0 | 190 | 190 | 190 | 190 | 190 | 241 | 261 | 282 | 316 | 359 | 414 | 465 | 533 | 578 | 621 | 659 | 693 | 722 | 767 | 841 | 983 | 1151 | 1588
17000 | 0 | 172 | 172 | 172 | 172 | 172 | 226 | 241 | 260 | 290 | 331 | 379 | 417 | 476 | 520 | 560 | 598 | 632 | 652 | 672 | 726 | 846 | 1024 | 1413

================================================================================
PLIK: NM_LIMITER_Map | ARKUSZ: NM Map
Wymiary: A1:O2 | Wiersze: 2 | Kolumny: 15
================================================================================
rpm | 1000 | 1250 | 1500 | 1750 | 2000 | 2250 | 2500 | 2750 | 3000 | 3250 | 3500 | 3750 | 4000 | 4250
NM | 143.3 | 200.4 | 275 | 300 | 325 | 345 | 350 | 345 | 329 | 319 | 309 | 298 | 285 | 280

================================================================================
PLIK: NM_TO_IQ_Map | ARKUSZ: NM to IQ Map
Wymiary: A1:Q17 | Wiersze: 17 | Kolumny: 17
================================================================================
rpm \ NM | 0 | 100 | 200 | 350 | 500 | 750 | 1000 | 1250 | 1500 | 1750 | 2000 | 2250 | 2500 | 2750 | 3000 | 3500
250 | 0 | 2 | 4.12 | 7.53 | 10.95 | 16.91 | 22.86 | 28.82 | 34.78 | 40.73 | 46.69 | 52.64 | 58.6 | 64.56 | 70.24 | 81.9
500 | 0 | 1.86 | 3.98 | 6.890000000000001 | 10.29 | 15.7 | 21.6 | 27.42 | 33.21 | 39.11 | 44.97 | 51.13 | 57.48 | 62.89 | 68.13 | 79.5
750 | 0 | 4.43 | 5.74 | 8.26 | 10.7 | 14.85 | 20.11 | 25.46 | 31.32 | 36.92 | 42.44 | 48.49 | 54.56 | 60.2 | 64.57000000000001 | 75.4
1000 | 0 | 2.55 | 4.63 | 7.61 | 10.15 | 14.36 | 18.37 | 23.97 | 29.34 | 34.78 | 40.33 | 46.12 | 52.01 | 55.7 | 61.8 | 71.8
1250 | 0 | 2.37 | 3.91 | 6.51 | 9.4 | 13.27 | 17.62 | 23.69 | 28.23 | 33.09 | 38.46 | 43.89 | 49.57 | 53.81 | 58.8 | 68.3
1500 | 0 | 1.7 | 2.99 | 5.8 | 7.36 | 11.33 | 16 | 21.08 | 25.68 | 30.49 | 35.69 | 41.23 | 46.65 | 51.8 | 55.8 | 65.5
1750 | 0 | 1.96 | 3.9 | 5.74 | 8.13 | 11.43 | 16 | 19.69 | 23.97 | 29.16 | 34.31 | 38.97 | 43.68 | 49 | 54.74 | 64.5
2000 | 0 | 2.02 | 3.24 | 5.5 | 7.8 | 12.1 | 15.74 | 20 | 24.3 | 28.94 | 33.59 | 37.24 | 41.64 | 48.48 | 55 | 64.8
2250 | 0 | 2.06 | 3.9 | 6.26 | 8.950000000000001 | 12.5 | 15.63 | 19.84 | 24.79 | 29.49 | 33.03 | 37.87 | 42.58 | 48.5 | 55.8 | 66
2500 | 0 | 2.1 | 4.9 | 7.42 | 10.09 | 13.36 | 17.84 | 22.06 | 26.4 | 30.45 | 34.08 | 37.98 | 42.48 | 48.97 | 56.82 | 67.4
2750 | 0 | 2.15 | 3.5 | 5.49 | 8.73 | 13.51 | 15.93 | 20.14 | 24.41 | 28.78 | 33.2 | 37.83 | 42.53 | 50 | 58.15 | 69
3000 | 0 | 2.2 | 4.55 | 7.16 | 10.42 | 13.57 | 17.45 | 21.45 | 26.63 | 30.69 | 34.27 | 38.46 | 43.36 | 51.15 | 59.35 | 70.7
3500 | 0 | 2.26 | 4.17 | 6.3 | 8.41 | 12.3 | 18.03 | 22.17 | 26.41 | 31.34 | 35.06 | 39.95 | 44.77 | 54 | 61.89 | 74.2
4000 | 0 | 2.3 | 4.89 | 7.38 | 10.13 | 14.18 | 17.43 | 22.32 | 27.07 | 31.82 | 36.5 | 41.36 | 46.3 | 55.72 | 63.69 | 76.3
4500 | 0 | 2.33 | 4.34 | 7.42 | 9.32 | 13.65 | 18.86 | 25.38 | 28.9 | 32.92 | 37.82 | 42.81 | 48.01 | 56.46 | 64.57000000000001 | 77.4
5000 | 0 | 2.35 | 4.37 | 7.38 | 9.88 | 14.72 | 17.8 | 22.64 | 28.03 | 33.19 | 38.12 | 43.01 | 48.61 | 56.36 | 64.68 | 77.59

================================================================================
PLIK: Rail_Pressure_Map | ARKUSZ: Rail Pressure Map
Wymiary: A1:Q17 | Wiersze: 17 | Kolumny: 17
================================================================================
rpm \ mg/str | 0 | 170 | 340 | 680 | 850 | 1020 | 1190 | 1360 | 1550 | 1840 | 2280 | 3000 | 3300 | 3500 | 3700 | 4000
600 | 265 | 265 | 255 | 270 | 288 | 305 | 319 | 330 | 336 | 527 | 580 | 588 | 588 | 588 | 588 | 588
750 | 250 | 250 | 250 | 301 | 330 | 360 | 393 | 410 | 429 | 574 | 580 | 588 | 588 | 588 | 588 | 588
850 | 259 | 265 | 267 | 330 | 366 | 403 | 437 | 468 | 492 | 574 | 580 | 588 | 588 | 588 | 588 | 588
1000 | 296 | 317 | 342 | 400 | 443 | 488 | 534 | 570 | 583 | 574 | 580 | 588 | 588 | 588 | 588 | 588
1250 | 327 | 365 | 399 | 482 | 548 | 608 | 666 | 701 | 704 | 669 | 665 | 694 | 730 | 730 | 730 | 730
1500 | 350 | 395 | 438 | 540 | 631 | 683 | 735 | 806 | 808 | 786 | 783 | 806 | 844 | 884 | 924 | 1050
1750 | 377 | 427 | 473 | 580 | 651 | 711 | 760 | 848 | 867 | 858 | 874 | 870 | 912 | 986 | 1042 | 1225
2000 | 402 | 450 | 493 | 592 | 647 | 723 | 770 | 856 | 881 | 916 | 958 | 944 | 988 | 1064 | 1120 | 1337
2250 | 415 | 450 | 480 | 565 | 627 | 721 | 775 | 864 | 904 | 957 | 1019 | 1020 | 1071 | 1146 | 1199 | 1420
2500 | 418 | 441 | 468 | 539 | 613 | 686 | 761 | 867 | 921 | 992 | 1076 | 1111 | 1166 | 1235 | 1281 | 1477
2750 | 418 | 432 | 459 | 517 | 582 | 634 | 726 | 851 | 931 | 1021 | 1116 | 1160 | 1241 | 1312 | 1357 | 1550
3000 | 395 | 407 | 417 | 471 | 524 | 540 | 605 | 788 | 925 | 1013 | 1104 | 1169 | 1251 | 1347 | 1419 | 1600
3250 | 395 | 405 | 415 | 453 | 466 | 478 | 543 | 723 | 869 | 985 | 1044 | 1141 | 1226 | 1347 | 1444 | 1660
3500 | 396 | 406 | 416 | 433 | 444 | 454 | 515 | 688 | 841 | 986 | 1044 | 1130 | 1221 | 1336 | 1451 | 1700
4000 | 396 | 411 | 416 | 428 | 434 | 443 | 514 | 658 | 794 | 1001 | 1064 | 1156 | 1296 | 1480 | 1632 | 1700
4500 | 1600 | 1600 | 1600 | 1600 | 1600 | 1600 | 1600 | 1600 | 1600 | 1600 | 1600 | 1600 | 1600 | 1600 | 1600 | 1700
